array([1.3, 1.4, 0.2, 1.1, 1.4, 0.4, 1. , 1.5, 0.6, 0.8])
array([[ 0.  ,  0.  ],
       [ 6.  , -3.61],
       [-4.79,  3.61],
       [13.48,  6.58],
       [ 9.7 ,  2.42],
       [ 2.74, -7.52],
       [ 2.57,  3.06],
       [-1.5 ,  2.6 ],
       [ 0.28, -8.  ],
       [ 1.99, 18.9 ],
       [ 8.78, -6.62]])
array([[   inf,  49.03,  35.98, 225.01,  99.95,  64.06,  15.97,   9.01,
         64.08, 361.17, 120.91],
       [ 49.03,    inf, 168.55, 159.79,  50.05,  25.92,  56.25,  94.81,
         51.99, 522.78,  16.79],
       [ 35.98, 168.55,    inf, 342.61, 211.38, 180.58,  54.47,  11.84,
        160.5 , 279.75, 288.8 ],
       [225.01, 159.79, 342.61,    inf,  31.59, 314.16, 131.42, 240.24,
        386.82, 283.8 , 196.33],
       [ 99.95,  50.05, 211.38,  31.59,    inf, 147.25,  51.25, 125.47,
        197.31, 331.03,  82.57],
       [ 64.06,  25.92, 180.58, 314.16, 147.25,    inf, 111.97, 120.39,
          6.28, 698.58,  37.29],
       [ 15.97,  56.25,  54.47, 131.42,  51.25, 111.97,    inf,  16.78,
        127.57, 251.24, 132.27],
       [  9.01,  94.81,  11.84, 240.24, 125.47, 120.39,  16.78,    inf,
        115.53, 277.87, 190.69],
       [ 64.08,  51.99, 160.5 , 386.82, 197.31,   6.28, 127.57, 115.53,
           inf, 726.53,  74.15],
       [361.17, 522.78, 279.75, 283.8 , 331.03, 698.58, 251.24, 277.87,
        726.53,    inf, 697.37],
       [120.91,  16.79, 288.8 , 196.33,  82.57,  37.29, 132.27, 190.69,
         74.15, 697.37,    inf]])
array([[    nan,    0.  ,    0.  ,    0.  ,    0.  ,    0.  ,    0.  ,
           0.  ,    0.  ,    0.  ,    0.  ],
       [   0.  ,     inf,  119.52,  110.76,    1.02,  -23.11,    7.22,
          45.78,    2.96,  473.75,  -32.24],
       [   0.  ,  132.57,     inf,  306.63,  175.4 ,  144.6 ,   18.49,
         -24.14,  124.52,  243.77,  252.82],
       [   0.  ,  -65.22,  117.6 ,     inf, -193.42,   89.15,  -93.59,
          15.23,  161.81,   58.79,  -28.68],
       [   0.  ,  -49.9 ,  111.43,  -68.36,     inf,   47.3 ,  -48.7 ,
          25.52,   97.36,  231.08,  -17.38],
       [   0.  ,  -38.14,  116.52,  250.1 ,   83.19,     inf,   47.91,
          56.33,  -57.78,  634.52,  -26.77],
       [   0.  ,   40.28,   38.5 ,  115.45,   35.28,   96.  ,     inf,
           0.81,  111.6 ,  235.27,  116.3 ],
       [   0.  ,   85.8 ,    2.83,  231.23,  116.46,  111.38,    7.77,
            inf,  106.52,  268.86,  181.68],
       [   0.  ,  -12.09,   96.42,  322.74,  133.23,  -57.8 ,   63.49,
          51.45,     inf,  662.45,   10.07],
       [   0.  ,  161.61,  -81.42,  -77.37,  -30.14,  337.41, -109.93,
         -83.3 ,  365.36,     inf,  336.2 ],
       [   0.  , -104.12,  167.89,   75.42,  -38.34,  -83.62,   11.36,
          69.78,  -46.76,  576.46,     inf]])
C:\Users\Dev\Documents\ModelingOfInformationProcesses\lab3.py:128: RuntimeWarning: invalid value encountered in subtract
  tij = np.round(cij - np.vstack(b), 2)

Process finished with exit code 0
