ai	[1.3 1.4 0.2 1.1 1.4 0.4 1.  1.5 0.6 0.8]
all_points	[[  0.     0.  ]
 [ -1.34   1.49]
 [ -3.78   1.3 ]
 [ 12.98   5.24]
 [-17.99  -0.63]
 [ -0.95  -4.91]
 [ -7.31   6.82]
 [ -2.85   6.39]
 [ -7.07  -8.43]
 [  9.95  -1.05]
 [-18.82  -2.64]]
bandwidth	[7.0, 4.1, 1.4, 0.2, 1.9000000000000001, 3.7, 2.3000000000000003, 1.4, 1.5, 0.8, 0.8]
cij	[[  inf  2.    4.   14.   18.    5.   10.    7.   11.   10.01 19.  ]
 [ 2.     inf  2.45 14.8  16.78  6.41  8.    5.13 11.46 11.57 17.96]
 [ 4.    2.45   inf 17.22 14.34  6.82  6.55  5.17 10.27 13.93 15.55]
 [14.   14.8  17.22   inf 31.52 17.24 20.35 15.87 24.27  6.98 32.76]
 [18.   16.78 14.34 31.52   inf 17.57 13.02 16.69 13.42 27.94  2.17]
 [ 5.    6.41  6.82 17.24 17.57   inf 13.34 11.46  7.06 11.56 18.01]
 [10.    8.    6.55 20.35 13.02 13.34   inf  4.48 15.25 18.97 14.9 ]
 [ 7.    5.13  5.17 15.87 16.69 11.46  4.48   inf 15.41 14.81 18.35]
 [11.   11.46 10.27 24.27 13.42  7.06 15.25 15.41   inf 18.55 13.1 ]
 [10.01 11.57 13.93  6.98 27.94 11.56 18.97 14.81 18.55   inf 28.81]
 [19.   17.96 15.55 32.76  2.17 18.01 14.9  18.35 13.1  28.81   inf]]
tij	[[   nan   0.     0.     0.     0.     0.     0.     0.     0.     0.
    0.  ]
 [  0.      inf   0.45  12.8   14.78   4.41   6.     3.13   9.46   9.57
   15.96]
 [  0.    -1.55    inf  13.22  10.34   2.82   2.55   1.17   6.27   9.93
   11.55]
 [  0.     0.8    3.22    inf  17.52   3.24   6.35   1.87  10.27  -7.02
   18.76]
 [  0.    -1.22  -3.66  13.52    inf  -0.43  -4.98  -1.31  -4.58   9.94
  -15.83]
 [  0.     1.41   1.82  12.24  12.57    inf   8.34   6.46   2.06   6.56
   13.01]
 [  0.    -2.    -3.45  10.35   3.02   3.34    inf  -5.52   5.25   8.97
    4.9 ]
 [  0.    -1.87  -1.83   8.87   9.69   4.46  -2.52    inf   8.41   7.81
   11.35]
 [  0.     0.46  -0.73  13.27   2.42  -3.94   4.25   4.41    inf   7.55
    2.1 ]
 [  0.     1.56   3.92  -3.03  17.93   1.55   8.96   4.8    8.54    inf
   18.8 ]
 [  0.    -1.04  -3.45  13.76 -16.83  -0.99  -4.1   -0.65  -5.9    9.81
     inf]]
EigenVill
S1	59.85000000000001
edges	[(10, 4), (3, 9), (6, 7), (4, 6), (8, 5), (7, 1), (2, 1), (1, 0), (5, 0), (9, 5)]
Prim
S2	58.3
edges	[(0, 1), (1, 2), (0, 5), (1, 7), (7, 6), (5, 8), (0, 9), (9, 3), (6, 4), (4, 10)]
